24
23
0 2805 2981 9149 4864 5831 4008 3471 3572 6020 8175 5251 6508 8862 8197 8916 1956 5465 2411 4270 4372 4454 4701 1487
2805 0 4342 7684 3399 4366 2543 4832 2107 4555 6710 6612 5043 7397 6732 7451 2447 4000 3772 2805 5733 5815 6062 2848
2981 4342 0 10686 6401 7368 5545 2172 5109 7557 9712 3952 8045 10399 9734 10453 3493 7002 2444 5807 3073 3155 3402 2724
9149 7684 10686 0 5173 5308 6923 11176 5735 4129 2694 12956 2939 1493 2848 783 8791 5426 10116 6161 12077 12159 12406 9192
4864 3399 6401 5173 0 1855 2638 6891 1450 2044 4199 8671 2532 4886 4221 4940 4506 1489 5831 1876 7792 7874 8121 4907
5831 4366 7368 5308 1855 0 3605 7858 2417 2179 4334 9638 2667 5021 4356 5075 5473 2108 6798 2843 8759 8841 9088 5874
4008 2543 5545 6923 2638 3605 0 6035 1346 3794 5949 7815 4282 6636 5971 6690 3650 3239 4975 2044 6936 7018 7265 4051
3471 4832 2172 11176 6891 7858 6035 0 5599 8047 10202 2842 8535 10889 10224 10943 3983 7492 2934 6297 1963 2045 2292 3214
3572 2107 5109 5735 1450 2417 1346 5599 0 2606 4761 7379 3094 5448 4783 5502 3214 2051 4539 856 6500 6582 6829 3615
6020 4555 7557 4129 2044 2179 3794 8047 2606 0 3155 9827 1488 3842 3177 3896 5662 2297 6987 3032 8948 9030 9277 6063
8175 6710 9712 2694 4199 4334 5949 10202 4761 3155 0 11982 1965 2407 1874 2461 7817 4452 9142 5187 11103 11185 11432 8218
5251 6612 3952 12956 8671 9638 7815 2842 7379 9827 11982 0 10315 12669 12004 12723 5763 9272 4714 8077 1969 1919 1024 4994
6508 5043 8045 2939 2532 2667 4282 8535 3094 1488 1965 10315 0 2652 1987 2706 6150 2785 7475 3520 9436 9518 9765 6551
8862 7397 10399 1493 4886 5021 6636 10889 5448 3842 2407 12669 2652 0 2561 1260 8504 5139 9829 5874 11790 11872 12119 8905
8197 6732 9734 2848 4221 4356 5971 10224 4783 3177 1874 12004 1987 2561 0 2615 7839 4474 9164 5209 11125 11207 11454 8240
8916 7451 10453 783 4940 5075 6690 10943 5502 3896 2461 12723 2706 1260 2615 0 8558 5193 9883 5928 11844 11926 12173 8959
1956 2447 3493 8791 4506 5473 3650 3983 3214 5662 7817 5763 6150 8504 7839 8558 0 5107 2923 3912 4884 4966 5213 1999
5465 4000 7002 5426 1489 2108 3239 7492 2051 2297 4452 9272 2785 5139 4474 5193 5107 0 6432 2477 8393 8475 8722 5508
2411 3772 2444 10116 5831 6798 4975 2934 4539 6987 9142 4714 7475 9829 9164 9883 2923 6432 0 5237 3835 3917 4164 2154
4270 2805 5807 6161 1876 2843 2044 6297 856 3032 5187 8077 3520 5874 5209 5928 3912 2477 5237 0 7198 7280 7527 4313
4372 5733 3073 12077 7792 8759 6936 1963 6500 8948 11103 1969 9436 11790 11125 11844 4884 8393 3835 7198 0 1172 1419 4115
4454 5815 3155 12159 7874 8841 7018 2045 6582 9030 11185 1919 9518 11872 11207 11926 4966 8475 3917 7280 1172 0 1369 4197
4701 6062 3402 12406 8121 9088 7265 2292 6829 9277 11432 1024 9765 12119 11454 12173 5213 8722 4164 7527 1419 1369 0 4444
1487 2848 2724 9192 4907 5874 4051 3214 3615 6063 8218 4994 6551 8905 8240 8959 1999 5508 2154 4313 4115 4197 4444 0
